B.B.K.K.B.K.K..jpg
B.B.K.K.B.K.K..ogg
0.5
170
1.5
7.83
9.0
9
1122
1220
1122
1000202120203000
1021102010211020
1021102010211020
1021102111211020
1021102121204000
1021102010211020
1021102010211020
1022102010221020
1122002211220022
1012010202021220
1012020102022120
2012010202021220
1012021212004000
2012010202020120
1012010202120120
1012010112012120
300000
32324141
32324141
32324141
32324141
32324141
32324141
32324141
40444444
1022102210221022
1022102210200020
1022102210221022
1022102210203020
1010001120010010
1001001120100010
1111111111111111
1000101120104000
40002122
10002122
20002212
20021221
10002122
10002122
20002212
20021221
1021102110211021
1021102110211021
1021102110211021
1021102110211021
1022102010221020
1022102010221020
1111111111111110
40422234
1022102212020212
1022102212021210
1022102212020212
1022102212121110
1022102212020212
1022102212021210
1022102212020212
1011201121212121
1011201102112010
2112112010211210
2112012120121010
2102012020121212
1011212110112121
1011212110112121
1101011011010110
100100404040100200100000
2012101020121010
2012101122112010
2011201122112010
1121201102112010
1022102010221020
1022102211221020
1022102212121020
1022102101221212
1022101202112010
1022102011221120
1022102010221020
2022102101221020
1122102011221020
1011202011221120
1111111111111111
1000101120002000
30
00