四次元跳躍機関.png
四次元跳躍機関.ogg
97.769
1.0
135
2.5
3.8675
8.1
8
2
0
2
0000000002202221
2001201010002000
1001201220202010
2001201020002000
1001201120201010
2011201020012010
1001201220201010
2011201020022010
1000001001212210
1001201000102010
1001202000112020
2021012010201020
2021012010202010
2002102000102010
2001202000122020
2021012010222010
2021012012201020
1001201011102010
1001202011202010
2021012010221010
2021021010211020
1021102010221020
1011202011201020
1021012122212120
2021012012201022
3000003040200200
3003003040102100
3000003040112222
3003003040103434
3000003040200200
3003003040120120
3000003040100200
30030030
3
0000000000001112
1020102010121020
1020101210201020
1022102010201021
1020102010122120
1020102010121020
1020101210201020
1022102010201021
1020102010212210
3
30040034
4003004003004030
4000000040001111
3
4000000030040040
4011104011204012
2040222030403040
0000000030201020
1012212010201120
1012221010201020
1012112220112011
0201221010201120
1012212010021020
1012101010201220
2102112212202202
2020220020000000
0000000000000000
0000000020000000
0000000000000000
0000000010012001
1010200010012001
1010201010012001
1010212220222022
0000000010201120
1112112110201220
1012122010202120
1012112220212022
1010221012221222
1221221011121112
1121112210201220
1012112040111040
100000100100200100000000100200200200200200100100
200200200200202020202020300000000000000000000000